<?xml version="1.0"?>
<opencv_storage>
<cameraMatrixIR type_id="opencv-matrix">
  <rows>3</rows>
  <cols>3</cols>
  <dt>d</dt>
  <data>
    8.5497394123695472e+02 0. 3.9585758276634681e+02 0.
    8.5408296760232872e+02 6.4160899416247344e+02 0. 0. 1.</data></cameraMatrixIR>
<distCoeffsIR type_id="opencv-matrix">
  <rows>1</rows>
  <cols>5</cols>
  <dt>d</dt>
  <data>
    1.4946469641203412e-02 -2.1423066373147726e-02 0. 0. 0.</data></distCoeffsIR>
<cameraMatrixRGB type_id="opencv-matrix">
  <rows>3</rows>
  <cols>3</cols>
  <dt>d</dt>
  <data>
    1075.954834 0. 384.114136 0.
    1075.261353 666.038330 0. 0. 1.</data></cameraMatrixRGB>
<distCoeffsRGB type_id="opencv-matrix">
  <rows>1</rows>
  <cols>5</cols>
  <dt>d</dt>
  <data>
    9.4955429333217448e-02 -1.9402606418350793e-01
    -7.9682743792333134e-04 5.9606001599117023e-04
    1.2590852736286048e-01</data></distCoeffsRGB>
<IR_RGB_R type_id="opencv-matrix">
  <rows>3</rows>
  <cols>3</cols>
  <dt>d</dt>
  <data>
    9.9999684545171907e-01 1.1504152100973836e-03
    -2.2328527615971976e-03 -1.1289508733530527e-03
    9.9995337244790883e-01 9.5905370016102359e-03 2.2437817487783924e-03
    -9.5879859667229519e-03 9.9995151680897298e-01</data></IR_RGB_R>
<IR_RGB_T type_id="opencv-matrix">
  <rows>3</rows>
  <cols>1</cols>
  <dt>d</dt>
  <data>
    2.4457976988266040e+01 -1.2790149383653371e-01
    -2.3552912189943802e+00</data></IR_RGB_T>
 <!-- resumed -->

<projectorCoord type_id="opencv-matrix">
  <rows>3</rows>
  <cols>1</cols>
  <dt>d</dt>
  <data>
    .Nan .Nan .Nan</data></projectorCoord>
<baseline>.Nan</baseline>
<warpH type_id="opencv-matrix">
  <rows>3</rows>
  <cols>3</cols>
  <dt>d</dt>
  <data>
    .Nan .Nan .Nan .Nan .Nan .Nan .Nan .Nan .Nan</data></warpH>
</opencv_storage>
